# Camera list with one line of data per camera:
#   CAMERA_ID, MODEL, WIDTH, HEIGHT, PARAMS[]
# Number of cameras: 311
1 SIMPLE_RADIAL 389 259 398.54314045693701 194.5 129.5 -0.013532923986979247
2 SIMPLE_RADIAL 389 259 398.38594941329899 194.5 129.5 -0.0014170735157556921
3 SIMPLE_RADIAL 389 259 398.7613749030233 194.5 129.5 -0.015113658541148014
4 SIMPLE_RADIAL 389 259 399.46146880668965 194.5 129.5 -0.0039414407488435072
5 SIMPLE_RADIAL 389 259 397.97303097629629 194.5 129.5 -0.0063455898798329856
6 SIMPLE_RADIAL 389 259 397.98712673914855 194.5 129.5 0.00056403009324975262
7 SIMPLE_RADIAL 389 259 398.35779130207794 194.5 129.5 -0.004835919407231608
8 SIMPLE_RADIAL 389 259 397.93154013450624 194.5 129.5 -0.0051491108912481449
9 SIMPLE_RADIAL 389 259 397.00428916445611 194.5 129.5 -0.0091267218600929317
10 SIMPLE_RADIAL 389 259 397.8762815951315 194.5 129.5 -0.0028627559803751719
11 SIMPLE_RADIAL 389 259 399.62768939277282 194.5 129.5 0.0017424877023027923
12 SIMPLE_RADIAL 389 259 396.81566617839962 194.5 129.5 0.0049707877612072916
13 SIMPLE_RADIAL 389 259 398.31590508107553 194.5 129.5 -0.0057535674186475292
14 SIMPLE_RADIAL 389 259 400.98976663895735 194.5 129.5 0.0045994829866329735
15 SIMPLE_RADIAL 389 259 399.07144517183048 194.5 129.5 -0.017198078070476224
16 SIMPLE_RADIAL 389 259 400.0008873117053 194.5 129.5 -0.006901369852425971
17 SIMPLE_RADIAL 389 259 400.20018405521807 194.5 129.5 -0.0056520099103843282
18 SIMPLE_RADIAL 389 259 401.01753154980349 194.5 129.5 -0.01651257791543705
19 SIMPLE_RADIAL 389 259 400.13617661598386 194.5 129.5 -0.012093723201891672
20 SIMPLE_RADIAL 389 259 401.00993466652949 194.5 129.5 -0.019223311584131514
21 SIMPLE_RADIAL 389 259 399.46266314183009 194.5 129.5 -0.0078675156863018871
22 SIMPLE_RADIAL 389 259 402.38716554761021 194.5 129.5 -0.003895282779152427
23 SIMPLE_RADIAL 389 259 399.77048716717229 194.5 129.5 -0.012868324886006526
24 SIMPLE_RADIAL 389 259 399.04493515126205 194.5 129.5 -0.0043994713128931466
25 SIMPLE_RADIAL 389 259 398.24940161822025 194.5 129.5 0.0069179461246203994
26 SIMPLE_RADIAL 389 259 395.9338919683737 194.5 129.5 0.0024842193840188308
27 SIMPLE_RADIAL 389 259 397.42102541136978 194.5 129.5 0.0027279213877821912
28 SIMPLE_RADIAL 389 259 397.43937144574255 194.5 129.5 -0.0047297564327428111
29 SIMPLE_RADIAL 389 259 397.6373684480065 194.5 129.5 0.0013206757408877473
30 SIMPLE_RADIAL 389 259 397.95571144902812 194.5 129.5 0.0054653577713118318
31 SIMPLE_RADIAL 389 259 398.50552151732779 194.5 129.5 0.00030706962677972533
32 SIMPLE_RADIAL 389 259 397.73158756722694 194.5 129.5 -0.00012864423218821898
33 SIMPLE_RADIAL 389 259 397.72300953795434 194.5 129.5 0.0016491211539802967
34 SIMPLE_RADIAL 389 259 397.78326541146868 194.5 129.5 0.0045291286970447729
35 SIMPLE_RADIAL 389 259 397.85211809422736 194.5 129.5 -0.0065101725321139361
36 SIMPLE_RADIAL 389 259 398.56762969948943 194.5 129.5 -0.0035734375429079331
37 SIMPLE_RADIAL 389 259 398.09114317776914 194.5 129.5 -0.0086631766158728803
38 SIMPLE_RADIAL 389 259 398.17790495196385 194.5 129.5 0.0016824309702083463
39 SIMPLE_RADIAL 389 259 398.95328960439804 194.5 129.5 0.0029886291121159789
40 SIMPLE_RADIAL 389 259 398.52392563381903 194.5 129.5 -0.0065994586490396873
41 SIMPLE_RADIAL 389 259 399.59866310962758 194.5 129.5 -0.0035417867421734446
42 SIMPLE_RADIAL 389 259 398.52075270265004 194.5 129.5 0.0087713513366066542
43 SIMPLE_RADIAL 389 259 401.74202354896892 194.5 129.5 0.010017900802343873
44 SIMPLE_RADIAL 389 259 400.01547673887103 194.5 129.5 -0.0058550221108368472
45 SIMPLE_RADIAL 389 259 399.45299999231065 194.5 129.5 0.0018052532067110423
46 SIMPLE_RADIAL 389 259 399.61971534896611 194.5 129.5 -0.0011816818539329215
47 SIMPLE_RADIAL 389 259 400.76936021748173 194.5 129.5 -0.0042196772677833621
48 SIMPLE_RADIAL 389 259 400.56045937987051 194.5 129.5 -0.00086541895295296964
49 SIMPLE_RADIAL 389 259 398.11925098580281 194.5 129.5 0.010384150504007915
50 SIMPLE_RADIAL 389 259 397.96125210784146 194.5 129.5 0.0022345129606838486
51 SIMPLE_RADIAL 389 259 397.71067605502282 194.5 129.5 0.0036368623362664334
52 SIMPLE_RADIAL 389 259 397.43164613550817 194.5 129.5 -0.001643565971470956
53 SIMPLE_RADIAL 389 259 399.52875178867595 194.5 129.5 0.0024468718871956553
54 SIMPLE_RADIAL 389 259 398.03284001299994 194.5 129.5 -0.002760797487999038
55 SIMPLE_RADIAL 389 259 397.64714918559258 194.5 129.5 -0.00035645062607516916
56 SIMPLE_RADIAL 389 259 398.12653187018213 194.5 129.5 -2.7442703607175245e-05
57 SIMPLE_RADIAL 389 259 398.98462881438411 194.5 129.5 -0.0079412191486045551
58 SIMPLE_RADIAL 389 259 398.22017375676256 194.5 129.5 -3.6556666138393646e-05
59 SIMPLE_RADIAL 389 259 399.83417940693892 194.5 129.5 -0.019159060177899336
60 SIMPLE_RADIAL 389 259 399.39837775675591 194.5 129.5 -0.0048909459856307583
61 SIMPLE_RADIAL 389 259 399.08942280952601 194.5 129.5 0.004223316164553674
62 SIMPLE_RADIAL 389 259 397.71585766603908 194.5 129.5 -0.0060442285445923335
63 SIMPLE_RADIAL 389 259 398.95890778673021 194.5 129.5 -0.02077239728544153
64 SIMPLE_RADIAL 389 259 398.44274231732635 194.5 129.5 -0.039537987708342513
65 SIMPLE_RADIAL 389 259 398.47808866549315 194.5 129.5 -0.037910809722463683
66 SIMPLE_RADIAL 389 259 398.01588660828327 194.5 129.5 -0.012757062780829711
67 SIMPLE_RADIAL 389 259 397.45865918679993 194.5 129.5 -0.0063516036157166712
68 SIMPLE_RADIAL 389 259 396.48543798323948 194.5 129.5 -0.0058255884664691069
69 SIMPLE_RADIAL 389 259 396.77575251353704 194.5 129.5 -0.0041422176022485315
70 SIMPLE_RADIAL 389 259 395.6171740889892 194.5 129.5 0.0010706430210714543
71 SIMPLE_RADIAL 389 259 398.52510460661915 194.5 129.5 -0.0015374616266734366
72 SIMPLE_RADIAL 389 259 397.9064193001027 194.5 129.5 -0.0067624144759208154
73 SIMPLE_RADIAL 389 259 398.27854014600973 194.5 129.5 -0.004677482698776418
74 SIMPLE_RADIAL 389 259 398.02493586606727 194.5 129.5 -0.002546076023229548
75 SIMPLE_RADIAL 389 259 398.4674478593306 194.5 129.5 -0.0016325588618136754
76 SIMPLE_RADIAL 389 259 398.81742629534187 194.5 129.5 -0.0013084005747408816
77 SIMPLE_RADIAL 389 259 398.95637600073167 194.5 129.5 0.0030728537116747256
78 SIMPLE_RADIAL 389 259 399.16267825815885 194.5 129.5 4.2506133454176146e-05
79 SIMPLE_RADIAL 389 259 397.37808528990138 194.5 129.5 -0.0013743204281698102
80 SIMPLE_RADIAL 389 259 398.34198487158147 194.5 129.5 -0.00027180156262529429
81 SIMPLE_RADIAL 389 259 400.35628816600087 194.5 129.5 0.012421411728876739
82 SIMPLE_RADIAL 389 259 399.59459178988175 194.5 129.5 0.0022250065847870567
83 SIMPLE_RADIAL 389 259 399.61189644588018 194.5 129.5 -0.010127664421871713
84 SIMPLE_RADIAL 389 259 399.47163969255041 194.5 129.5 0.0013561937215070658
85 SIMPLE_RADIAL 389 259 399.14960858429976 194.5 129.5 -0.01660735521913265
86 SIMPLE_RADIAL 389 259 397.34293158463919 194.5 129.5 -0.0092072973514973483
87 SIMPLE_RADIAL 389 259 398.92806506533111 194.5 129.5 -0.0019678624913221617
88 SIMPLE_RADIAL 389 259 396.59374064975901 194.5 129.5 -0.0042643632279842072
89 SIMPLE_RADIAL 389 259 400.58396211232451 194.5 129.5 -0.00079512893841304311
90 SIMPLE_RADIAL 389 259 399.46360790694439 194.5 129.5 0.0052729171861336946
91 SIMPLE_RADIAL 389 259 403.25666068315002 194.5 129.5 -0.0061852624993269075
92 SIMPLE_RADIAL 389 259 401.59472048516938 194.5 129.5 -0.0089290582257130786
93 SIMPLE_RADIAL 389 259 399.39444866559381 194.5 129.5 0.012090646374129013
94 SIMPLE_RADIAL 389 259 400.28681292374444 194.5 129.5 -0.0038492961817576101
95 SIMPLE_RADIAL 389 259 398.28562765672177 194.5 129.5 -0.0022939721128002548
96 SIMPLE_RADIAL 389 259 396.95035191652465 194.5 129.5 -0.00035632285968723802
97 SIMPLE_RADIAL 389 259 396.75302944205174 194.5 129.5 -0.010775858011423672
98 SIMPLE_RADIAL 389 259 396.72514459349867 194.5 129.5 -0.025423659705224057
99 SIMPLE_RADIAL 389 259 396.89650525319468 194.5 129.5 -0.010477323458244306
100 SIMPLE_RADIAL 389 259 398.58368214323644 194.5 129.5 -0.0098957407738674407
101 SIMPLE_RADIAL 389 259 397.84915967153603 194.5 129.5 -0.0071501629008521193
102 SIMPLE_RADIAL 389 259 396.17978879223568 194.5 129.5 -0.00061641636240158818
103 SIMPLE_RADIAL 389 259 396.39486954802845 194.5 129.5 -0.0034129362523239296
104 SIMPLE_RADIAL 389 259 396.72380860309812 194.5 129.5 -0.02387125844266039
105 SIMPLE_RADIAL 389 259 397.46910279336026 194.5 129.5 -0.009757757012946169
106 SIMPLE_RADIAL 389 259 396.06050198785698 194.5 129.5 -0.015461110524607925
107 SIMPLE_RADIAL 389 259 396.81253619325531 194.5 129.5 -0.020461006517349563
108 SIMPLE_RADIAL 389 259 398.27872777931049 194.5 129.5 -0.0048078619827289027
109 SIMPLE_RADIAL 389 259 397.11538580240574 194.5 129.5 0.0067432557541532252
110 SIMPLE_RADIAL 389 259 398.56360901144041 194.5 129.5 0.011994707627879273
111 SIMPLE_RADIAL 389 259 399.04507592527557 194.5 129.5 0.01330277092235454
112 SIMPLE_RADIAL 389 259 400.11097961853039 194.5 129.5 0.0022804991235145368
113 SIMPLE_RADIAL 389 259 398.82595427053923 194.5 129.5 0.00032754831486545818
114 SIMPLE_RADIAL 389 259 399.13003789965398 194.5 129.5 -0.0013798899708361253
115 SIMPLE_RADIAL 389 259 399.83335553004895 194.5 129.5 -0.0084399402773338433
116 SIMPLE_RADIAL 389 259 401.70412042023474 194.5 129.5 -0.0033535429080244848
117 SIMPLE_RADIAL 389 259 400.77028705998964 194.5 129.5 0.0031484250715705072
118 SIMPLE_RADIAL 389 259 398.68030486745312 194.5 129.5 0.0072468955842196862
119 SIMPLE_RADIAL 389 259 398.0328018531506 194.5 129.5 0.0040580257674838489
120 SIMPLE_RADIAL 389 259 398.92180321129467 194.5 129.5 0.020117875618013176
121 SIMPLE_RADIAL 389 259 401.05194410952828 194.5 129.5 -0.0010060367249415079
122 SIMPLE_RADIAL 389 259 398.93827060823565 194.5 129.5 -0.0012353335576349672
123 SIMPLE_RADIAL 389 259 399.31526693620299 194.5 129.5 0.0020450300429120105
124 SIMPLE_RADIAL 389 259 399.23255118416046 194.5 129.5 -0.0076802997074596861
125 SIMPLE_RADIAL 389 259 400.15523941492904 194.5 129.5 -0.014182635334569569
126 SIMPLE_RADIAL 389 259 398.383952904625 194.5 129.5 -0.0069400601614806713
127 SIMPLE_RADIAL 389 259 396.7065231815551 194.5 129.5 -0.0035405342470109587
128 SIMPLE_RADIAL 389 259 398.68171302011928 194.5 129.5 -0.004475475426448685
129 SIMPLE_RADIAL 389 259 399.53743601229115 194.5 129.5 0.0042720931155631123
130 SIMPLE_RADIAL 389 259 398.17260914718833 194.5 129.5 0.011913676366876663
131 SIMPLE_RADIAL 389 259 398.61230018089526 194.5 129.5 0.0053290989077128433
260 SIMPLE_RADIAL 389 259 397.55504640126759 194.5 129.5 -0.0066732923040427302
132 SIMPLE_RADIAL 389 259 398.37773121596115 194.5 129.5 0.0037037144299267113
133 SIMPLE_RADIAL 389 259 398.35092704424522 194.5 129.5 -0.012588222432000602
134 SIMPLE_RADIAL 389 259 398.18647326960615 194.5 129.5 0.0049061746637809982
135 SIMPLE_RADIAL 389 259 401.0771959272717 194.5 129.5 -0.0084129111040462771
136 SIMPLE_RADIAL 389 259 398.54168012177718 194.5 129.5 -0.0058625474214435971
137 SIMPLE_RADIAL 389 259 399.69669302393214 194.5 129.5 -0.0036018405219006206
258 SIMPLE_RADIAL 389 259 398.8949755583339 194.5 129.5 -0.0095887671702464053
138 SIMPLE_RADIAL 389 259 397.60411751398937 194.5 129.5 0.008731148977466378
139 SIMPLE_RADIAL 389 259 398.33332034233263 194.5 129.5 0.015418891285534623
268 SIMPLE_RADIAL 389 259 405.95222622585635 194.5 129.5 0.010180237722263456
140 SIMPLE_RADIAL 389 259 398.88562806423289 194.5 129.5 0.00034419216393225091
141 SIMPLE_RADIAL 389 259 398.78636149985857 194.5 129.5 -0.0071629515815254631
262 SIMPLE_RADIAL 389 259 395.78320457797179 194.5 129.5 -9.8283048301458489e-05
142 SIMPLE_RADIAL 389 259 398.00435689531213 194.5 129.5 -0.0063555588059609385
143 SIMPLE_RADIAL 389 259 398.06687947393061 194.5 129.5 -0.0018104859416878893
256 SIMPLE_RADIAL 389 259 398.24380591331158 194.5 129.5 -0.021078063915136485
144 SIMPLE_RADIAL 389 259 397.84524728773044 194.5 129.5 0.0052375043951126262
145 SIMPLE_RADIAL 389 259 397.95547389911712 194.5 129.5 -0.0041950358402713531
266 SIMPLE_RADIAL 389 259 394.030237867138 194.5 129.5 -0.011132605552683243
146 SIMPLE_RADIAL 389 259 398.25201206156294 194.5 129.5 0.0019078205797698551
147 SIMPLE_RADIAL 389 259 397.54561840148216 194.5 129.5 0.010768776035774806
276 SIMPLE_RADIAL 389 259 407.41471871364661 194.5 129.5 0.013990114763668531
148 SIMPLE_RADIAL 389 259 397.95227422987466 194.5 129.5 -0.0042040915271433429
149 SIMPLE_RADIAL 389 259 396.86942323115386 194.5 129.5 -0.0079552610317256776
270 SIMPLE_RADIAL 389 259 403.28785240532488 194.5 129.5 0.031645936299801267
150 SIMPLE_RADIAL 389 259 397.46787772642898 194.5 129.5 -0.0023312115442784532
151 SIMPLE_RADIAL 389 259 398.87342507640221 194.5 129.5 0.0097567963729823549
264 SIMPLE_RADIAL 389 259 398.46708417413862 194.5 129.5 -0.00048912858568232081
152 SIMPLE_RADIAL 389 259 398.25978101332367 194.5 129.5 -0.0058263467427116236
153 SIMPLE_RADIAL 389 259 398.8075339061985 194.5 129.5 -0.013152754128297377
274 SIMPLE_RADIAL 389 259 404.73345387312298 194.5 129.5 0.014755240468991765
154 SIMPLE_RADIAL 389 259 399.07978726811507 194.5 129.5 -0.010901089891174054
155 SIMPLE_RADIAL 389 259 399.16844730469683 194.5 129.5 -0.010675281418107007
284 SIMPLE_RADIAL 389 259 401.8500431620825 194.5 129.5 -0.017483255374878104
156 SIMPLE_RADIAL 389 259 398.35219225952113 194.5 129.5 0.0063072546948040823
157 SIMPLE_RADIAL 389 259 399.20758433937141 194.5 129.5 0.0066330950969320287
278 SIMPLE_RADIAL 389 259 391.23191649779704 194.5 129.5 0.0043487394163779216
158 SIMPLE_RADIAL 389 259 398.75279133696074 194.5 129.5 0.0049565690188731791
159 SIMPLE_RADIAL 389 259 398.75964792174989 194.5 129.5 0.0059829336452759787
272 SIMPLE_RADIAL 389 259 403.11443753553743 194.5 129.5 0.012095837405985535
160 SIMPLE_RADIAL 389 259 399.70857716531231 194.5 129.5 0.015770052824559712
161 SIMPLE_RADIAL 389 259 401.04014447031165 194.5 129.5 0.013341420106802634
162 SIMPLE_RADIAL 389 259 397.0859461774844 194.5 129.5 0.014719590741767629
163 SIMPLE_RADIAL 389 259 397.9810488511622 194.5 129.5 0.010717247841218374
292 SIMPLE_RADIAL 389 259 397.90114036511517 194.5 129.5 0.0040721924594444335
164 SIMPLE_RADIAL 389 259 397.0369295783434 194.5 129.5 -0.0043972553405590992
165 SIMPLE_RADIAL 389 259 396.97775383108126 194.5 129.5 0.004621438680490514
166 SIMPLE_RADIAL 389 259 398.49475250822269 194.5 129.5 0.0040480472322898123
167 SIMPLE_RADIAL 389 259 398.7412755579042 194.5 129.5 -0.0030797815089764263
168 SIMPLE_RADIAL 389 259 400.85580321875716 194.5 129.5 -0.0048953089505127494
169 SIMPLE_RADIAL 389 259 398.96461350329213 194.5 129.5 -0.0014726546946657623
290 SIMPLE_RADIAL 389 259 399.72858664408034 194.5 129.5 0.0072949526720408712
170 SIMPLE_RADIAL 389 259 397.80213876223752 194.5 129.5 -0.0040990433121516632
171 SIMPLE_RADIAL 389 259 398.22602039398231 194.5 129.5 -0.0025825586336536382
300 SIMPLE_RADIAL 389 259 400.4122841270115 194.5 129.5 -0.011295097818872444
172 SIMPLE_RADIAL 389 259 399.06346438443171 194.5 129.5 -0.00086754110436604553
173 SIMPLE_RADIAL 389 259 398.80560874512929 194.5 129.5 0.0047231878256554539
294 SIMPLE_RADIAL 389 259 399.71750160461966 194.5 129.5 -0.0015103805092724573
174 SIMPLE_RADIAL 389 259 398.0232872368984 194.5 129.5 0.0058715747183588247
175 SIMPLE_RADIAL 389 259 398.90495237987454 194.5 129.5 -0.0019459534204983818
288 SIMPLE_RADIAL 389 259 397.83317567702289 194.5 129.5 0.0018586601650432875
176 SIMPLE_RADIAL 389 259 398.86248758303083 194.5 129.5 0.0067581203145885395
177 SIMPLE_RADIAL 389 259 398.50653974402451 194.5 129.5 -0.0077387685854569937
298 SIMPLE_RADIAL 389 259 399.989718386569 194.5 129.5 0.00031034537081724736
178 SIMPLE_RADIAL 389 259 399.77374533277424 194.5 129.5 -0.0072617698264831219
179 SIMPLE_RADIAL 389 259 400.51615172056609 194.5 129.5 0.00074195580478119338
308 SIMPLE_RADIAL 389 259 396.59887379421377 194.5 129.5 -0.021481056836280852
180 SIMPLE_RADIAL 389 259 400.13965056572158 194.5 129.5 0.006148272677758468
181 SIMPLE_RADIAL 389 259 399.96784414651268 194.5 129.5 0.0091324455050348242
302 SIMPLE_RADIAL 389 259 401.8554055877816 194.5 129.5 0.01052111000774412
182 SIMPLE_RADIAL 389 259 398.06841787162386 194.5 129.5 0.01172590151527304
183 SIMPLE_RADIAL 389 259 399.39841678668301 194.5 129.5 0.016869343693852689
296 SIMPLE_RADIAL 389 259 400.03434896865781 194.5 129.5 0.0036339156199115207
184 SIMPLE_RADIAL 389 259 399.14837867923654 194.5 129.5 0.0045471309849489817
185 SIMPLE_RADIAL 389 259 402.38364043087626 194.5 129.5 -0.0039550703301475436
306 SIMPLE_RADIAL 389 259 397.23862748936938 194.5 129.5 0.0010303288114246743
186 SIMPLE_RADIAL 389 259 400.71285977283935 194.5 129.5 1.800948676801658e-05
187 SIMPLE_RADIAL 389 259 398.44051100273339 194.5 129.5 -0.0048609664954977561
188 SIMPLE_RADIAL 389 259 397.43073910392525 194.5 129.5 0.0014090529268945234
189 SIMPLE_RADIAL 389 259 394.30331755918564 194.5 129.5 0.0061009694072438926
310 SIMPLE_RADIAL 389 259 399.05459289511356 194.5 129.5 0.017450405701887096
190 SIMPLE_RADIAL 389 259 395.64366726187274 194.5 129.5 -0.0035804651558390163
191 SIMPLE_RADIAL 389 259 399.69555423639014 194.5 129.5 -0.0058465938530822704
304 SIMPLE_RADIAL 389 259 399.69944866856548 194.5 129.5 0.010928301114671066
192 SIMPLE_RADIAL 389 259 399.43951036664708 194.5 129.5 -0.013807985711157105
193 SIMPLE_RADIAL 389 259 399.01951083363565 194.5 129.5 -0.0070042974540480704
194 SIMPLE_RADIAL 389 259 398.34897883234396 194.5 129.5 -0.0018803699757690799
195 SIMPLE_RADIAL 389 259 397.62793666719654 194.5 129.5 0.0043701469587480975
196 SIMPLE_RADIAL 389 259 397.79590161307294 194.5 129.5 -0.0045618797548758385
197 SIMPLE_RADIAL 389 259 399.44338809063834 194.5 129.5 -0.0082714575204794957
198 SIMPLE_RADIAL 389 259 396.78075317998338 194.5 129.5 0.010805957699767296
199 SIMPLE_RADIAL 389 259 399.50316255911554 194.5 129.5 -0.015048245013551098
200 SIMPLE_RADIAL 389 259 397.59790614140468 194.5 129.5 0.0041782160361921892
201 SIMPLE_RADIAL 389 259 398.12926956761765 194.5 129.5 -0.0085009775979536153
202 SIMPLE_RADIAL 389 259 394.39734258597923 194.5 129.5 -0.013445958519306977
203 SIMPLE_RADIAL 389 259 398.60711864337918 194.5 129.5 0.0043150420464990718
204 SIMPLE_RADIAL 389 259 393.91279152098866 194.5 129.5 0.0089898133837295301
205 SIMPLE_RADIAL 389 259 395.05560179560592 194.5 129.5 -0.0035772590855309492
206 SIMPLE_RADIAL 389 259 394.98406141962204 194.5 129.5 0.0038980905647597176
207 SIMPLE_RADIAL 389 259 394.47989603288744 194.5 129.5 -0.0095512175501258657
208 SIMPLE_RADIAL 389 259 394.49201286009799 194.5 129.5 -0.011692759448028105
209 SIMPLE_RADIAL 389 259 397.98209132507327 194.5 129.5 0.0099638574899986749
210 SIMPLE_RADIAL 389 259 398.5081294167689 194.5 129.5 -0.0081310854791833559
211 SIMPLE_RADIAL 389 259 396.87519874003061 194.5 129.5 -0.030326957126427877
212 SIMPLE_RADIAL 389 259 398.62799515035493 194.5 129.5 -0.016795144821355541
213 SIMPLE_RADIAL 389 259 395.47676114305392 194.5 129.5 -0.0014871860323769561
214 SIMPLE_RADIAL 389 259 397.07991980124308 194.5 129.5 -0.009115502901588959
215 SIMPLE_RADIAL 389 259 399.15627460377914 194.5 129.5 -0.0010969896310901108
216 SIMPLE_RADIAL 389 259 394.18382629190904 194.5 129.5 -0.0038890865526819847
217 SIMPLE_RADIAL 389 259 397.91595457291936 194.5 129.5 -0.008729142686622636
218 SIMPLE_RADIAL 389 259 398.66544353690608 194.5 129.5 0.0077828261551388727
219 SIMPLE_RADIAL 389 259 395.18051158697915 194.5 129.5 -0.011654669672415413
220 SIMPLE_RADIAL 389 259 395.28971515910303 194.5 129.5 -0.0016259929009021872
221 SIMPLE_RADIAL 389 259 397.93809124773202 194.5 129.5 -0.019209940292223039
222 SIMPLE_RADIAL 389 259 400.90664219447893 194.5 129.5 0.015621040897488501
223 SIMPLE_RADIAL 389 259 406.2521483136569 194.5 129.5 0.0012636526027197297
224 SIMPLE_RADIAL 389 259 409.70047167852397 194.5 129.5 0.02757635395708273
225 SIMPLE_RADIAL 389 259 408.89223558371356 194.5 129.5 0.020203708102917238
282 SIMPLE_RADIAL 389 259 397.52875439192263 194.5 129.5 -0.0092080468134528096
226 SIMPLE_RADIAL 389 259 408.00432019096132 194.5 129.5 0.015487713436920032
227 SIMPLE_RADIAL 389 259 408.79953720155243 194.5 129.5 0.017365113138763228
228 SIMPLE_RADIAL 389 259 409.54707687487928 194.5 129.5 0.0024760550949948449
229 SIMPLE_RADIAL 389 259 410.05397569646112 194.5 129.5 0.0068185656231802257
286 SIMPLE_RADIAL 389 259 396.41513893697675 194.5 129.5 -0.011887930044647532
230 SIMPLE_RADIAL 389 259 405.30701425416692 194.5 129.5 0.013388268367292596
231 SIMPLE_RADIAL 389 259 398.99250116769178 194.5 129.5 0.025888976252797822
280 SIMPLE_RADIAL 389 259 414.56603728903144 194.5 129.5 -0.063293543621813858
232 SIMPLE_RADIAL 389 259 402.14923464798488 194.5 129.5 0.029855508268019124
233 SIMPLE_RADIAL 389 259 402.66080322857846 194.5 129.5 0.027900719869546377
234 SIMPLE_RADIAL 389 259 408.93936362714828 194.5 129.5 0.013490151307186117
235 SIMPLE_RADIAL 389 259 407.29266035872081 194.5 129.5 0.019693979980381054
236 SIMPLE_RADIAL 389 259 407.36686445472611 194.5 129.5 0.020496356398445569
237 SIMPLE_RADIAL 389 259 398.29005944460016 194.5 129.5 -0.0058964222710535573
238 SIMPLE_RADIAL 389 259 396.10660966351566 194.5 129.5 -0.0042011337212243061
239 SIMPLE_RADIAL 389 259 399.33599018059942 194.5 129.5 0.0079995230019014422
240 SIMPLE_RADIAL 389 259 397.23511460507837 194.5 129.5 -2.6090048208907202e-05
241 SIMPLE_RADIAL 389 259 396.76542792872806 194.5 129.5 0.00012849620763476084
242 SIMPLE_RADIAL 389 259 396.74331258249185 194.5 129.5 -0.0056420180099849525
243 SIMPLE_RADIAL 389 259 396.83179113916003 194.5 129.5 0.0014789135814569951
244 SIMPLE_RADIAL 389 259 396.87473937213036 194.5 129.5 0.00075244712146563947
245 SIMPLE_RADIAL 389 259 397.46701843549261 194.5 129.5 -0.001045032009596752
246 SIMPLE_RADIAL 389 259 398.36089473583377 194.5 129.5 -0.0034540960471663384
247 SIMPLE_RADIAL 389 259 398.44482414181078 194.5 129.5 -0.011243421271021372
248 SIMPLE_RADIAL 389 259 397.46281055355087 194.5 129.5 -0.014977530948108116
249 SIMPLE_RADIAL 389 259 394.69904177544441 194.5 129.5 -0.016162087113482524
250 SIMPLE_RADIAL 389 259 399.44448906610614 194.5 129.5 0.008161573097041722
251 SIMPLE_RADIAL 389 259 395.91916919070928 194.5 129.5 0.004603340883612023
252 SIMPLE_RADIAL 389 259 395.34541740857338 194.5 129.5 0.013453854882573843
253 SIMPLE_RADIAL 389 259 395.45265398705635 194.5 129.5 -0.011018120483815277
254 SIMPLE_RADIAL 389 259 396.40440503754627 194.5 129.5 0.009947751057310366
255 SIMPLE_RADIAL 389 259 397.81984400952507 194.5 129.5 -0.013824931615479583
257 SIMPLE_RADIAL 389 259 398.38646052514105 194.5 129.5 0.0028929895459339824
259 SIMPLE_RADIAL 389 259 397.30498253040827 194.5 129.5 0.010263793203588341
261 SIMPLE_RADIAL 389 259 400.22044133817411 194.5 129.5 -0.032244128226278528
263 SIMPLE_RADIAL 389 259 397.82662411183048 194.5 129.5 0.0036259211675205949
265 SIMPLE_RADIAL 389 259 398.06046426219893 194.5 129.5 0.0025149208015809231
267 SIMPLE_RADIAL 389 259 399.4687596618142 194.5 129.5 -0.021488956963562279
269 SIMPLE_RADIAL 389 259 402.00376870260476 194.5 129.5 0.0022515933852122424
271 SIMPLE_RADIAL 389 259 404.41185378540627 194.5 129.5 0.034035352718913787
273 SIMPLE_RADIAL 389 259 413.86322465095844 194.5 129.5 0.019786939740003166
275 SIMPLE_RADIAL 389 259 401.25106910191909 194.5 129.5 0.0030936953798299865
277 SIMPLE_RADIAL 389 259 407.35135025610657 194.5 129.5 -0.0032300478530012809
279 SIMPLE_RADIAL 389 259 396.67818491574781 194.5 129.5 -0.012527785469329747
281 SIMPLE_RADIAL 389 259 402.73830395566767 194.5 129.5 -0.03628667244872217
283 SIMPLE_RADIAL 389 259 396.70881556248582 194.5 129.5 -0.0011972178730822551
285 SIMPLE_RADIAL 389 259 398.05375458652713 194.5 129.5 -0.014994141620615709
287 SIMPLE_RADIAL 389 259 398.7833446530492 194.5 129.5 -0.01529946083315286
289 SIMPLE_RADIAL 389 259 396.94593490984414 194.5 129.5 0.0017981125688934449
291 SIMPLE_RADIAL 389 259 398.02732353649691 194.5 129.5 0.015155406892253202
293 SIMPLE_RADIAL 389 259 400.03516864764612 194.5 129.5 -0.0098779974887146342
295 SIMPLE_RADIAL 389 259 398.67380599689164 194.5 129.5 0.0020795595620787095
297 SIMPLE_RADIAL 389 259 395.17390655854376 194.5 129.5 -0.0059870680906181691
299 SIMPLE_RADIAL 389 259 395.55059738573283 194.5 129.5 0.013337615095109751
301 SIMPLE_RADIAL 389 259 401.41743917290688 194.5 129.5 0.00025209625134441164
303 SIMPLE_RADIAL 389 259 399.76097960652322 194.5 129.5 0.00080983639714621097
305 SIMPLE_RADIAL 389 259 388.1715596431352 194.5 129.5 -0.00067653592555258339
307 SIMPLE_RADIAL 389 259 406.92614631086866 194.5 129.5 -0.026814354027505129
309 SIMPLE_RADIAL 389 259 396.96022507311352 194.5 129.5 0.0038591912094563235
311 SIMPLE_RADIAL 389 259 397.85285620700586 194.5 129.5 0.0060052668795308644
